version https://git-lfs.github.com/spec/v1
oid sha256:74164c92be83700e8ac78e1c03ea9e9d69ac3254b65c197114d5628acf2cd49f
size 3695637
